00000000000010010000000000000000
00000000000000110000000000001110
00000000000001110000000000001110
00000000000001000000000000001011
00000000000001110000000000001111
00000000000011000000000000001110
00000000000000110000000000001111
00000000000001110000000000001110
00000000000000100000000000010000
00000000000000110000000000001110
00000000000001100000000000000010
00000000000001110000000000001111
00000000000010000000000000000000
00000000000000000000000000000000
00000000000000000000000000000000
00000000000000000000000000000001
00000000000000000000000000000001
